     0
 19629
 24388
 14248
  1259
 -3185
   961
  3957
 -2316
-15123
-23060
-17231
  -170
 16187
 21192
 14401
  4441
  -230
   821
  1017
 -5050
-14996
-20343
-14704
  -286
 13676
 18854
 14506
  6761
  1933
   726
 -1128
 -7048
-14910
-18361
-12855
  -364
 11844
 17145
 14578
  8454
  3514
   661
 -2693
 -8510
-14850
-16915
-11503
  -419
 10508
 15895
 14628
  9688
  4671
   616
 -3833
 -9580
-14809
-15861
-10514
  -455
  9533
 14981
 14661
 10589
  5517
   585
 -4665
-10362
-14782
-15092
 -9791
  -480
  8823
 14311
 14684
 11246
  6134
   564
 -5273
-10934
-14764
-14531
 -9262
  -497
  8305
 13822
 14699
 11725
  6588
   551
 -5715
-11353
-14751
-14121
 -8875
  -509
  7926
 13464
 14709
 12074
  6918
   542
 -6038
-11659
-14742
-13823
 -8592
  -516
  7651
 13202
 14716
 12329
  7161
   536
 -6274
-11883
-14737
-13606
 -8385
  -520
  7449
 13011
 14721
 12515
  7337
   532
 -6445
-12047
-14733
-13447
 -8233
  -524
  7303
 12871
 14723
 12651
  7467
   529
 -6571
-12166
-14731
-13331
 -8122
  -526
  7196
 12769
 14725
 12750
  7562
   528
 -6663
-12253
-14729
-13246
 -8041
  -527
  7118
 12694
 14725
 12822
  7631
   527
 -6729
-12318
-14729
-13185
 -7982
  -528
  7060
 12639
 14726
 12875
  7682
   526
 -6778
-12364
-14728
-13140
 -7939
  -528
  7019
 12599
 14727
 12913
  7719
   526
 -6814
-12398
-14728
-13107
 -7907
  -528
  6989
 12570
 14727
 12941
  7745
   525
 -6839
-12424
-14728
-13083
 -7884
  -529
  6967
 12548
 14727
 12962
  7766
   525
 -6857
-12442
-14728
-13066
 -7867
  -529
  6950
 12532
 14727
 12976
  7780
   525
 -6872
-12456
-14728
-13053
 -7854
  -529
  6939
 12521
 14727
 12987
  7790
   525
 -6882
-12466
-14728
-13044
 -7846
  -528
  6931
 12512
 14727
 12995
  7798
   525
 -6889
-12472
-14728
-13037
 -7839
  -528
  6924
 12507
 14727
 13001
  7804
   526
 -6895
-12477
-14728
-13032
 -7834
  -528
  6920
 12502
 14727
 13006
  7809
   526
 -6898
-12481
-14728
-13028
 -7831
  -528
  6916
 12499
 14727
 13008
  7811
   526
 -6901
-12484
-14728
-13026
 -7828
  -528
  6914
 12496
 14727
 13010
  7813
   526
 -6903
-12486
-14728
-13024
 -7826
  -528
  6912
 12495
 14727
 13012
  7815
   526
 -6904
-12488
-14728
-13022
 -7825
  -528
  6910
 12493
 14727
 13013
  7816
   526
 -6906
-12489
-14728
-13021
 -7824
  -528
  6910
 12492
 14727
 13014
  7817
   526
 -6906
-12490
-14728
-13021
 -7823
  -528
  6909
 12492
 14727
 13014
  7817
   526
 -6907
-12490
-14728
-13020
 -7822
  -528
  6908
 12491
 14727
 13015
  7818
   526
 -6907
-12491
-14728
-13020
 -7822
  -528
  6908
 12491
 14727
 13015
  7818
   526
 -6908
-12491
-14728
-13019
 -7822
  -528
  6908
 12490
 14726
 13016
  7818
   526
 -6908
-12491
-14728
-13019
 -7821
  -528
  6907
 12490
 14726
 13016
  7819
   526
 -6908
-12491
-14728
-13019
 -7821
  -528
  6907
 12490
 14727
 13016
  7819
   526
 -6908
-12492
-14728
-13019
 -7821
  -528
  6907
 12490
 14727
 13016
  7819
   526
 -6908
-12492
-14728
-13019
 -7821
  -528
  6907
 12490
 14727
 13016
  7819
   526
 -6908
-12492
-14728
-13019
 -7821
  -528
  6907
 12490
 14727
 13016
  7819
   526
 -6909
-12492
-14728
-13019
 -7821
  -528
  6907
 12490
 14726
 13016
  7819
   526
 -6909
-12492
-14728
-13019
 -7821
  -528
  6907
 12490
 14727
 13016
  7819
   526
 -6909
-12492
-14728
-13019
 -7821
  -528
  6907
 12490
 14726
 13016
  7819
   526
 -6909
-12492
-14728
-13019
 -7821
  -528
  6907
 12490
 14727
 13016
  7819
   526
 -6909
-12492
-14728
-13018
 -7821
  -528
  6907
 12490
 14726
 13016
  7819
   526
 -6909
-12492
-14728
-13018
 -7821
  -528
  6907
 12490
 14726
 13016
  7819
   526
 -6909
-12492
-14728
-13018
 -7821
  -528
  6907
 12490
 14726
 13016
  7819
   526
 -6909
-12492
-14728
-13018
 -7821
  -528
  6907
 12490
 14726
 13016
  7819
   526
 -6909
-12492
-14728
-13018
 -7821
  -528
  6907
 12490
 14726
 13016
  7819
   526
 -6909
-12492
-14728
-13018
 -7821
  -528
  6907
 12490
 14726
 13016
  7819
   526
 -6909
-12492
-14728
-13018
 -7821
  -528
  6907
 12490
 14726
 13016
  7819
   526
 -6909
-12492
-14728
-13018
 -7821
  -528
  6907
 12490
 14726
 13016
  7819
   526
 -6909
-12492
-14728
-13018
 -7821
  -528
  6907
 12490
 14726
 13016
  7819
   526
 -6909
-12492
-14728
-13018
 -7821
