0
-1
-2
-5
-7
-6
-2
3
5
3
-2
-6
-5
2
8
7
-2
-10
-10
1
12
13
1
-14
-17
-3
17
23
6
-20
-29
-9
23
36
14
-26
-44
-20
28
54
27
-31
-65
-37
33
78
47
-35
-92
-61
37
107
76
-37
-125
-94
37
144
115
-35
-165
-140
32
189
168
-26
-214
-201
19
242
240
-9
-273
-284
-4
308
335
21
-346
-395
-43
389
465
71
-437
-549
-107
493
651
154
-559
-776
-214
640
937
295
-743
-1150
-408
881
1451
575
-1083
-1912
-845
1417
2728
1359
-2100
-4603
-2743
4388
13896
20634
20634
13896
4388
-2743
-4603
-2100
1359
2728
1417
-845
-1912
-1083
575
1451
881
-408
-1150
-743
295
937
640
-214
-776
-559
154
651
493
-107
-549
-437
71
465
389
-43
-395
-346
21
335
308
-4
-284
-273
-9
240
242
19
-201
-214
-26
168
189
32
-140
-165
-35
115
144
37
-94
-125
-37
76
107
37
-61
-92
-35
47
78
33
-37
-65
-31
27
54
28
-20
-44
-26
14
36
23
-9
-29
-20
6
23
17
-3
-17
-14
1
13
12
1
-10
-10
-2
7
8
2
-5
-6
-2
3
5
3
-2
-6
-7
-5
-2
-1
0
