0.00000000
19629.00000000
24388.00000000
14248.00000000
1261.00000000
-3183.00000000
962.00000000
3958.00000000
-2316.00000000
-15122.00000000
-23058.00000000
-17229.00000000
-168.00000000
16186.00000000
21192.00000000
14401.00000000
4442.00000000
-227.00000000
823.00000000
1017.00000000
-5049.00000000
-14995.00000000
-20340.00000000
-14701.00000000
-283.00000000
13675.00000000
18854.00000000
14506.00000000
6763.00000000
1934.00000000
727.00000000
-1127.00000000
-7048.00000000
-14908.00000000
-18358.00000000
-12853.00000000
-363.00000000
11843.00000000
17145.00000000
14578.00000000
8455.00000000
3515.00000000
661.00000000
-2692.00000000
-8510.00000000
-14848.00000000
-16913.00000000
-11501.00000000
-417.00000000
10507.00000000
15894.00000000
14627.00000000
9690.00000000
4672.00000000
616.00000000
-3833.00000000
-9579.00000000
-14808.00000000
-15859.00000000
-10512.00000000
-454.00000000
9533.00000000
14980.00000000
14661.00000000
10591.00000000
5517.00000000
586.00000000
-4665.00000000
-10361.00000000
-14780.00000000
-15090.00000000
-9788.00000000
-479.00000000
8822.00000000
14311.00000000
14684.00000000
11247.00000000
6136.00000000
565.00000000
-5272.00000000
-10933.00000000
-14761.00000000
-14529.00000000
-9260.00000000
-496.00000000
8304.00000000
13822.00000000
14699.00000000
11726.00000000
6588.00000000
552.00000000
-5714.00000000
-11352.00000000
-14749.00000000
-14120.00000000
-8873.00000000
-507.00000000
7926.00000000
13464.00000000
14709.00000000
12076.00000000
6919.00000000
543.00000000
-6037.00000000
-11658.00000000
-14741.00000000
-13821.00000000
-8590.00000000
-514.00000000
7650.00000000
13203.00000000
14716.00000000
12331.00000000
7161.00000000
537.00000000
-6273.00000000
-11881.00000000
-14735.00000000
-13604.00000000
-8383.00000000
-519.00000000
7449.00000000
13011.00000000
14720.00000000
12516.00000000
7338.00000000
533.00000000
-6444.00000000
-12045.00000000
-14732.00000000
-13445.00000000
-8232.00000000
-522.00000000
7302.00000000
12871.00000000
14723.00000000
12652.00000000
7467.00000000
530.00000000
-6570.00000000
-12165.00000000
-14730.00000000
-13329.00000000
-8121.00000000
-524.00000000
7195.00000000
12769.00000000
14725.00000000
12751.00000000
7562.00000000
529.00000000
-6661.00000000
-12252.00000000
-14728.00000000
-13245.00000000
-8040.00000000
-526.00000000
7117.00000000
12694.00000000
14726.00000000
12823.00000000
7631.00000000
528.00000000
-6728.00000000
-12316.00000000
-14727.00000000
-13183.00000000
-7981.00000000
-526.00000000
7060.00000000
12639.00000000
14726.00000000
12875.00000000
7682.00000000
527.00000000
-6776.00000000
-12363.00000000
-14727.00000000
-13138.00000000
-7937.00000000
-527.00000000
7019.00000000
12599.00000000
14727.00000000
12914.00000000
7719.00000000
527.00000000
-6812.00000000
-12397.00000000
-14727.00000000
-13105.00000000
-7906.00000000
-527.00000000
6989.00000000
12570.00000000
14727.00000000
12942.00000000
7746.00000000
526.00000000
-6838.00000000
-12422.00000000
-14726.00000000
-13081.00000000
-7883.00000000
-527.00000000
6967.00000000
12549.00000000
14727.00000000
12962.00000000
7766.00000000
526.00000000
-6856.00000000
-12441.00000000
-14726.00000000
-13064.00000000
-7866.00000000
-527.00000000
6951.00000000
12533.00000000
14727.00000000
12977.00000000
7780.00000000
526.00000000
-6870.00000000
-12454.00000000
-14726.00000000
-13051.00000000
-7853.00000000
-527.00000000
6939.00000000
12522.00000000
14727.00000000
12988.00000000
7791.00000000
526.00000000
-6880.00000000
-12464.00000000
-14726.00000000
-13042.00000000
-7844.00000000
-527.00000000
6930.00000000
12513.00000000
14727.00000000
12996.00000000
7799.00000000
526.00000000
-6887.00000000
-12471.00000000
-14726.00000000
-13035.00000000
-7838.00000000
-527.00000000
6924.00000000
12507.00000000
14727.00000000
13002.00000000
7804.00000000
527.00000000
-6893.00000000
-12476.00000000
-14727.00000000
-13030.00000000
-7833.00000000
-527.00000000
6919.00000000
12503.00000000
14727.00000000
13006.00000000
7808.00000000
527.00000000
-6897.00000000
-12480.00000000
-14727.00000000
-13027.00000000
-7829.00000000
-527.00000000
6916.00000000
12499.00000000
14727.00000000
13009.00000000
7811.00000000
527.00000000
-6900.00000000
-12483.00000000
-14727.00000000
-13024.00000000
-7827.00000000
-527.00000000
6914.00000000
12497.00000000
14727.00000000
13011.00000000
7814.00000000
527.00000000
-6902.00000000
-12485.00000000
-14727.00000000
-13022.00000000
-7825.00000000
-527.00000000
6912.00000000
12495.00000000
14727.00000000
13013.00000000
7815.00000000
527.00000000
-6903.00000000
-12486.00000000
-14727.00000000
-13021.00000000
-7823.00000000
-527.00000000
6911.00000000
12494.00000000
14727.00000000
13014.00000000
7816.00000000
527.00000000
-6904.00000000
-12487.00000000
-14727.00000000
-13020.00000000
-7822.00000000
-527.00000000
6910.00000000
12493.00000000
14727.00000000
13015.00000000
7817.00000000
527.00000000
-6905.00000000
-12488.00000000
-14727.00000000
-13019.00000000
-7822.00000000
-527.00000000
6909.00000000
12492.00000000
14727.00000000
13015.00000000
7818.00000000
527.00000000
-6906.00000000
-12489.00000000
-14727.00000000
-13019.00000000
-7821.00000000
-527.00000000
6909.00000000
12492.00000000
14727.00000000
13016.00000000
7818.00000000
527.00000000
-6906.00000000
-12489.00000000
-14727.00000000
-13018.00000000
-7821.00000000
-527.00000000
6908.00000000
12491.00000000
14727.00000000
13016.00000000
7819.00000000
527.00000000
-6906.00000000
-12490.00000000
-14727.00000000
-13018.00000000
-7820.00000000
-527.00000000
6908.00000000
12491.00000000
14727.00000000
13016.00000000
7819.00000000
527.00000000
-6907.00000000
-12490.00000000
-14727.00000000
-13018.00000000
-7820.00000000
-527.00000000
6908.00000000
12491.00000000
14727.00000000
13017.00000000
7819.00000000
527.00000000
-6907.00000000
-12490.00000000
-14727.00000000
-13018.00000000
-7820.00000000
-527.00000000
6908.00000000
12491.00000000
14727.00000000
13017.00000000
7819.00000000
527.00000000
-6907.00000000
-12490.00000000
-14727.00000000
-13017.00000000
-7820.00000000
-527.00000000
6907.00000000
12491.00000000
14727.00000000
13017.00000000
7819.00000000
527.00000000
-6907.00000000
-12490.00000000
-14727.00000000
-13017.00000000
-7820.00000000
-527.00000000
6907.00000000
12491.00000000
14727.00000000
13017.00000000
7819.00000000
527.00000000
-6907.00000000
-12490.00000000
-14727.00000000
-13017.00000000
-7820.00000000
-527.00000000
6907.00000000
12491.00000000
14727.00000000
13017.00000000
7819.00000000
527.00000000
-6907.00000000
-12490.00000000
-14727.00000000
-13017.00000000
-7820.00000000
-527.00000000
6907.00000000
12490.00000000
14727.00000000
13017.00000000
7819.00000000
527.00000000
-6907.00000000
-12490.00000000
-14727.00000000
-13017.00000000
-7820.00000000
-527.00000000
6907.00000000
12490.00000000
14727.00000000
13017.00000000
7820.00000000
527.00000000
-6907.00000000
-12490.00000000
-14727.00000000
-13017.00000000
-7820.00000000
-527.00000000
6907.00000000
12490.00000000
14727.00000000
13017.00000000
7820.00000000
527.00000000
-6907.00000000
-12490.00000000
-14727.00000000
-13017.00000000
-7820.00000000
-527.00000000
6907.00000000
12490.00000000
14727.00000000
13017.00000000
7820.00000000
527.00000000
-6907.00000000
-12490.00000000
-14727.00000000
-13017.00000000
-7820.00000000
-527.00000000
6907.00000000
12490.00000000
14727.00000000
13017.00000000
7820.00000000
527.00000000
-6907.00000000
-12490.00000000
-14727.00000000
-13017.00000000
-7820.00000000
-527.00000000
6907.00000000
12490.00000000
14727.00000000
13017.00000000
7820.00000000
527.00000000
-6907.00000000
-12490.00000000
-14727.00000000
-13017.00000000
-7820.00000000
-527.00000000
6907.00000000
12490.00000000
14727.00000000
13017.00000000
7820.00000000
527.00000000
-6907.00000000
-12490.00000000
-14727.00000000
-13017.00000000
-7820.00000000
-527.00000000
6907.00000000
12490.00000000
14727.00000000
13017.00000000
7820.00000000
527.00000000
-6907.00000000
-12490.00000000
-14727.00000000
-13017.00000000
-7820.00000000
-527.00000000
6907.00000000
12490.00000000
14727.00000000
13017.00000000
7820.00000000
527.00000000
-6907.00000000
-12490.00000000
-14727.00000000
-13017.00000000
-7820.00000000
-527.00000000
6907.00000000
12490.00000000
14727.00000000
13017.00000000
7820.00000000
527.00000000
-6907.00000000
-12490.00000000
-14727.00000000
-13017.00000000
-7820.00000000
-527.00000000
6907.00000000
12490.00000000
14727.00000000
13017.00000000
7820.00000000
527.00000000
-6907.00000000
-12490.00000000
-14727.00000000
-13017.00000000
-7820.00000000
-527.00000000
6907.00000000
12490.00000000
14727.00000000
13017.00000000
7820.00000000
527.00000000
-6907.00000000
-12490.00000000
-14727.00000000
-13017.00000000
-7820.00000000
-527.00000000
6907.00000000
12490.00000000
14727.00000000
13017.00000000
7820.00000000
527.00000000
-6907.00000000
-12490.00000000
-14727.00000000
-13017.00000000
-7820.00000000
