0.00000000
0.59902540
0.74424801
0.43481128
0.03846764
-0.09712581
0.02935657
0.12077640
-0.07067225
-0.46149004
-0.70366515
-0.52578018
-0.00511855
0.49395883
0.64671982
0.43947624
0.13556436
-0.00693366
0.02510587
0.03104502
-0.15408013
-0.45761764
-0.62074044
-0.44864630
-0.00864555
0.41732450
0.57538803
0.44268793
0.20638544
0.05903245
0.02218198
-0.03440376
-0.21508414
-0.45495639
-0.56025646
-0.39223116
-0.01106716
0.36142872
0.52321660
0.44489091
0.25804104
0.10727937
0.02017841
-0.08214082
-0.25970174
-0.45313468
-0.51614071
-0.35096988
-0.01272306
0.32065959
0.48505919
0.44639566
0.29571742
0.14256638
0.01881143
-0.11695904
-0.29233426
-0.45189323
-0.48396384
-0.32079217
-0.01385013
0.29092370
0.45715165
0.44741855
0.32319748
0.16837452
0.01788340
-0.14235440
-0.31620093
-0.45105158
-0.46049504
-0.29872095
-0.01461317
0.26923532
0.43674080
0.44811005
0.34324050
0.18724988
0.01725699
-0.16087687
-0.33365631
-0.45048437
-0.44337776
-0.28257873
-0.01512655
0.25341665
0.42181296
0.44857450
0.35785909
0.20105469
0.01683701
-0.17438641
-0.34642257
-0.45010479
-0.43089314
-0.27077290
-0.01546944
0.24187919
0.41089531
0.44888407
0.36852123
0.21115099
0.01655768
-0.18423964
-0.35575929
-0.44985289
-0.42178745
-0.26213861
-0.01569645
0.23346434
0.40291061
0.44908852
0.37629766
0.21853497
0.01637368
-0.19142608
-0.36258774
-0.44968741
-0.41514625
-0.25582390
-0.01584515
0.22732700
0.39707099
0.44922203
0.38196936
0.22393524
0.01625391
-0.19666746
-0.36758171
-0.44958007
-0.41030254
-0.25120565
-0.01594126
0.22285079
0.39280021
0.44930800
0.38610595
0.22788469
0.01617710
-0.20049020
-0.37123401
-0.44951153
-0.40676984
-0.24782814
-0.01600234
0.21958613
0.38967682
0.44936236
0.38912291
0.23077308
0.01612880
-0.20327825
-0.37390508
-0.44946868
-0.40419334
-0.24535805
-0.01604029
0.21720512
0.38739258
0.44939590
0.39132326
0.23288545
0.01609921
-0.20531164
-0.37585851
-0.44944264
-0.40231423
-0.24355160
-0.01606314
0.21546859
0.38572205
0.44941590
0.39292802
0.23443029
0.01608176
-0.20679464
-0.37728711
-0.44942747
-0.40094375
-0.24223049
-0.01607628
0.21420210
0.38450035
0.44942723
0.39409841
0.23556006
0.01607205
-0.20787622
-0.37833187
-0.44941919
-0.39994425
-0.24126435
-0.01608329
0.21327844
0.38360690
0.44943310
0.39495198
0.23638628
0.01606717
-0.20866502
-0.37909592
-0.44941520
-0.39921530
-0.24055779
-0.01608651
0.21260481
0.38295351
0.44943564
0.39557450
0.23699050
0.01606523
-0.20924030
-0.37965468
-0.44941378
-0.39868367
-0.24004108
-0.01608747
0.21211352
0.38247568
0.44943622
0.39602850
0.23743237
0.01606499
-0.20965986
-0.38006330
-0.44941383
-0.39829596
-0.23966321
-0.01608717
0.21175523
0.38212625
0.44943570
0.39635961
0.23775551
0.01606568
-0.20996583
-0.38036212
-0.44941467
-0.39801320
-0.23938687
-0.01608621
0.21149393
0.38187071
0.44943465
0.39660108
0.23799182
0.01606682
-0.21018898
-0.38058065
-0.44941586
-0.39780699
-0.23918479
-0.01608498
0.21130337
0.38168383
0.44943338
0.39677718
0.23816463
0.01606811
-0.21035171
-0.38074045
-0.44941716
-0.39765660
-0.23903701
-0.01608368
0.21116440
0.38154718
0.44943209
0.39690560
0.23829101
0.01606938
-0.21047039
-0.38085732
-0.44941842
-0.39754693
-0.23892894
-0.01608244
0.21106305
0.38144724
0.44943088
0.39699926
0.23838342
0.01607056
-0.21055694
-0.38094277
-0.44941956
-0.39746695
-0.23884992
-0.01608133
0.21098914
0.38137416
0.44942980
0.39706756
0.23845100
0.01607160
-0.21062006
-0.38100527
-0.44942057
-0.39740862
-0.23879213
-0.01608037
0.21093523
0.38132072
0.44942888
0.39711737
0.23850042
0.01607249
-0.21066609
-0.38105097
-0.44942142
-0.39736609
-0.23874987
-0.01607955
0.21089593
0.38128164
0.44942810
0.39715370
0.23853656
0.01607324
-0.21069966
-0.38108439
-0.44942213
-0.39733507
-0.23871896
-0.01607887
0.21086726
0.38125306
0.44942745
0.39718019
0.23856298
0.01607385
-0.21072414
-0.38110882
-0.44942271
-0.39731245
-0.23869636
-0.01607832
0.21084636
0.38123216
0.44942692
0.39719950
0.23858231
0.01607435
-0.21074199
-0.38112669
-0.44942319
-0.39729595
-0.23867984
-0.01607787
0.21083111
0.38121688
0.44942650
0.39721359
0.23859644
0.01607475
-0.21075500
-0.38113976
-0.44942357
-0.39728392
-0.23866776
-0.01607751
0.21082000
0.38120571
0.44942616
0.39722386
0.23860677
0.01607507
-0.21076450
-0.38114932
-0.44942387
-0.39727515
-0.23865892
-0.01607722
0.21081189
0.38119754
0.44942589
0.39723135
0.23861433
0.01607533
-0.21077142
-0.38115630
-0.44942411
-0.39726875
-0.23865246
-0.01607700
0.21080598
0.38119156
0.44942568
0.39723682
0.23861985
0.01607553
-0.21077647
-0.38116141
-0.44942430
-0.39726409
-0.23864773
-0.01607682
0.21080167
0.38118720
0.44942551
0.39724080
0.23862389
0.01607568
-0.21078015
-0.38116515
-0.44942445
-0.39726069
-0.23864428
-0.01607668
0.21079853
0.38118400
0.44942538
0.39724370
0.23862685
0.01607581
-0.21078283
-0.38116788
-0.44942456
-0.39725820
-0.23864175
-0.01607657
0.21079623
0.38118166
0.44942528
0.39724582
0.23862901
0.01607590
-0.21078479
-0.38116988
-0.44942465
-0.39725640
-0.23863991
-0.01607649
0.21079456
0.38117996
0.44942520
0.39724737
0.23863059
0.01607598
-0.21078622
-0.38117134
-0.44942472
-0.39725508
-0.23863856
-0.01607643
0.21079334
0.38117871
0.44942514
0.39724849
0.23863174
0.01607603
-0.21078726
-0.38117241
-0.44942477
-0.39725412
-0.23863757
-0.01607638
0.21079245
0.38117779
0.44942509
0.39724931
0.23863259
0.01607608
-0.21078802
-0.38117319
-0.44942481
-0.39725341
-0.23863685
-0.01607634
0.21079181
0.38117713
0.44942506
0.39724991
0.23863320
0.01607611
-0.21078857
-0.38117376
-0.44942484
-0.39725290
-0.23863632
-0.01607631
0.21079133
0.38117664
0.44942503
0.39725035
0.23863365
0.01607613
-0.21078897
-0.38117418
-0.44942487
-0.39725253
-0.23863593
-0.01607629
0.21079099
0.38117628
0.44942501
0.39725067
0.23863398
0.01607615
-0.21078927
-0.38117448
-0.44942489
-0.39725226
-0.23863565
-0.01607627
0.21079074
0.38117602
0.44942499
0.39725090
0.23863423
0.01607617
-0.21078948
-0.38117470
-0.44942490
-0.39725206
-0.23863544
-0.01607626
0.21079055
0.38117583
0.44942498
0.39725107
0.23863440
0.01607618
-0.21078964
-0.38117487
-0.44942491
-0.39725191
-0.23863529
-0.01607625
0.21079042
0.38117569
0.44942497
0.39725119
0.23863453
0.01607619
-0.21078975
-0.38117499
-0.44942492
-0.39725181
-0.23863518
-0.01607624
0.21079032
0.38117559
0.44942497
0.39725128
0.23863463
0.01607620
-0.21078984
-0.38117507
-0.44942492
-0.39725173
-0.23863510
-0.01607623
0.21079025
0.38117551
0.44942496
0.39725135
0.23863469
0.01607620
-0.21078990
-0.38117514
-0.44942493
-0.39725168
-0.23863504
-0.01607623
0.21079020
0.38117546
0.44942496
0.39725140
0.23863475
0.01607620
-0.21078994
-0.38117518
-0.44942493
-0.39725164
-0.23863500
-0.01607623
0.21079016
0.38117542
0.44942495
0.39725143
0.23863478
0.01607621
-0.21078997
-0.38117522
-0.44942494
-0.39725161
-0.23863497
-0.01607622
0.21079014
0.38117539
0.44942495
0.39725146
0.23863481
0.01607621
-0.21079000
-0.38117524
-0.44942494
-0.39725158
-0.23863495
